Accuracy: 0.7764204152901126
Precision: 0.7563019355737635
Recall: 0.8168069755971141
F1 Score: 0.7853908807552948
