Accuracy: 0.7855375
Precision: 0.8241439541245098
Recall: 0.7274340402012974
F1 Score: 0.7727750309023486
