Accuracy: 0.7922479166666667
Precision: 0.7950593812291663
Recall: 0.7889702001753665
F1 Score: 0.7920030869669507
