Accuracy: 0.767932886973926
Precision: 0.7578931298936602
Recall: 0.7885752025213807
F1 Score: 0.772929798649194
